200
 0.45174390410602305 0.831791613653719 -0.0019967837620293635 0.011254272443603223 0.0010 13800.0 159 82 145
 0.19817348888040143 0.2843746488803204 0.004736476810366101 -0.010663553692789913 0.0010 13800.0 212 124 87
 0.15212710062036208 0.1585200010075092 0.009610087174215425 0.01278947112102854 0.0010 13800.0 199 201 120
 0.11749410621750798 0.8708638689216099 0.00868754223524357 -0.005753356050846055 0.0010 13800.0 195 95 91
 0.7303323943158557 0.6696503471970567 0.006169034220503922 0.0034562978573720662 0.0010 13800.0 101 253 154
 0.5091605918638347 0.12095271313384558 0.007124080491882637 -0.007898920918250764 0.0010 13800.0 13 184 28
 0.7522891205566612 0.9823474782428974 -0.00485638984546675 4.3199481447980716E-4 0.0010 13800.0 109 56 153
 0.1194376527819932 0.673625420110959 3.131192266330029E-4 0.0037629257246480836 0.0010 13800.0 44 149 102
 0.7135857241407676 0.7475471477076245 -0.001718554423821423 -0.0049950156477875755 0.0010 13800.0 150 197 204
 0.11352463805449121 0.24347745145377284 -1.540992955346432E-4 -0.01289452301438387 0.0010 13800.0 207 153 162
 0.39333056316151654 0.8398732197389752 0.0013244255586116172 0.0019263277394757305 0.0010 13800.0 2 212 120
 0.7134853472320688 0.769322378745904 0.007591322054984084 0.002697341238074861 0.0010 13800.0 206 226 70
 0.44884618095035433 0.2775939297048425 -0.004427717975892239 0.0046522078782940705 0.0010 13800.0 198 66 18
 0.07151819890129885 0.8667637849494664 -0.007219735294420168 0.0030218994629146196 0.0010 13800.0 105 207 199
 0.8689846554238978 0.04564653101240425 0.012177564042589063 0.0034086551193348376 0.0010 13800.0 130 125 127
 0.053810673465385005 0.4028948545927673 0.016327230689410863 -0.00451589876024016 0.0010 13800.0 95 245 210
 0.172854224382959 0.6703104701869029 0.01283874810031404 -4.043816784021232E-4 0.0010 13800.0 216 81 72
 0.13107576956149022 0.17265883213845432 -0.002266642548960824 0.0021048969276616578 0.0010 13800.0 115 237 165
 0.11246757973287706 0.39986459471386926 0.0015591271783329127 0.008980386437073724 0.0010 13800.0 85 154 230
 0.5178420192537205 0.621763208908653 -0.004239902892539302 0.006539083302424895 0.0010 13800.0 176 125 75
 0.6070554999807366 0.6491833266552741 0.009223483252795248 0.014535993229865584 0.0010 13800.0 78 0 122
 0.6995098849831846 0.7713696032143016 -0.012062904915577592 0.005701196760082269 0.0010 13800.0 164 48 250
 0.600640221132418 0.3729528087603283 -0.0025162870137995326 -0.005603063585843452 0.0010 13800.0 249 174 195
 0.39175169626850403 0.6568996119171673 -0.0041071846650405 0.002037732383054185 0.0010 13800.0 58 209 174
 0.28654715294200866 0.7267915522973041 0.005216354271297808 0.016605844562142626 0.0010 13800.0 53 166 183
 0.2471102623976795 0.8039653979266653 -0.004094010183646101 -0.010237242075715611 0.0010 13800.0 99 241 69
 0.7772804475935132 0.6747201209774758 -0.0071103805165752855 -0.00423262594999084 0.0010 13800.0 149 193 51
 0.48815606229298864 0.6052825224794594 -0.013654453513731872 0.011035406785513978 0.0010 13800.0 149 22 58
 0.1423043587560365 0.8872120045069163 -0.004671528634030899 -0.006962227605540725 0.0010 13800.0 242 94 187
 0.008302973850512357 0.05629928441807323 9.840823406900114E-4 -0.005871796830316018 0.0010 13800.0 240 78 231
 0.9400895194793331 0.39933564101499314 0.0067366235911577935 -0.010123507250792039 0.0010 13800.0 10 173 107
 0.40479420892040974 0.18824291708608476 -0.009124749137505831 0.016201461179176976 0.0010 13800.0 114 121 204
 0.43667697499079344 0.9735098255572373 0.0078103176896892525 -0.007255366511961871 0.0010 13800.0 81 42 166
 0.6127753241737324 0.7814668343008926 -0.006103560590011262 3.7674532915613155E-4 0.0010 13800.0 225 198 135
 0.6541000983863902 0.1509978079238366 -0.0014130346415291142 -7.129568743774071E-5 0.0010 13800.0 10 91 59
 0.19911919336072015 0.7171925189976878 0.0026902778809695807 -0.004113030718207192 0.0010 13800.0 172 198 214
 0.20561728465923546 0.2611841815670856 0.0032577150445181786 -0.008195564251470448 0.0010 13800.0 234 8 117
 0.6026857680864863 0.6034775927363305 -0.004427110456129157 0.00206883153385941 0.0010 13800.0 149 245 27
 0.6619131817300543 0.20232111514926754 0.00893744003356203 0.008098003269836706 0.0010 13800.0 194 250 219
 0.40988116961474924 0.7284033178534963 -0.008965629826463747 -0.008925420648281022 0.0010 13800.0 55 132 165
 0.45855550001680623 0.21557123027617778 0.004484750324280872 -0.006608155161510475 0.0010 13800.0 225 151 121
 0.19493779217828514 0.5960975891723239 0.009359520641416597 -0.011236132282664157 0.0010 13800.0 117 48 37
 0.9693318236505802 0.11346921987226857 -0.001979972585515387 0.007162124168218657 0.0010 13800.0 60 97 43
 0.7407576246576517 0.1559571972552659 0.007054584677570635 0.004004808157889998 0.0010 13800.0 3 26 205
 0.09728760697263547 0.383613294992396 -0.009309967747427057 0.0020909409187704767 0.0010 13800.0 74 234 97
 0.052420862088314334 0.9442634757594879 0.004580356750264958 -0.007714025565975529 0.0010 13800.0 215 2 37
 0.15096615866246405 0.9054270782315186 0.005843506392863858 0.0015405300217303172 0.0010 13800.0 103 206 169
 0.8826372760818734 0.5214189919253472 0.0056936833355270495 -0.0046660238713116566 0.0010 13800.0 18 1 218
 0.45768920271929564 0.7046267118078937 0.015212388115094436 0.005993170105254172 0.0010 13800.0 32 223 121
 0.9664025688530252 0.2859866546438455 -0.007005978112220281 0.0029939142905152163 0.0010 13800.0 205 216 97
 0.13026296458278286 0.6799165214508307 -0.008494911860427602 3.9430457417780496E-4 0.0010 13800.0 245 207 91
 0.8690539851751338 0.21173009570792348 -0.0099294631634414 0.008391020854744554 0.0010 13800.0 172 45 169
 0.9806485734927324 0.9595265509353637 0.005693969998234251 0.004032496765907733 0.0010 13800.0 205 117 218
 0.6995242085185263 0.2364905195136899 0.007654080895583693 -0.008741594328291361 0.0010 13800.0 75 6 2
 0.7528177897141415 0.31937196235166826 -0.005103956482147621 -0.010991886273892502 0.0010 13800.0 184 47 170
 0.7378212766841254 0.5428335233149701 3.923391151661515E-4 0.006474248427520084 0.0010 13800.0 221 247 57
 0.3316333897956182 0.21784873939656665 -0.01160365271189932 -0.0114362322738207 0.0010 13800.0 114 101 36
 0.7800047252254387 0.5800504277965104 0.008511072508944062 0.0030248973906911534 0.0010 13800.0 192 69 176
 0.951287192787476 0.2925778902595568 -0.010489055855204779 0.003619527397973982 0.0010 13800.0 3 130 218
 0.5860904638430592 0.8522205903684963 -0.006474074591400864 0.0033553339572372134 0.0010 13800.0 73 158 85
 0.8461224447505317 0.4340925985928393 4.2178162199121155E-4 0.005070151807228342 0.0010 13800.0 238 191 210
 0.18015461542355304 0.2739571714306486 0.008884068941018411 0.004259853350499002 0.0010 13800.0 141 117 247
 0.3003340058721215 0.7776064158783409 0.0012915863738387177 6.993843989738968E-4 0.0010 13800.0 226 76 68
 0.9313152414731883 0.8575097277796405 -0.00193331354295323 -0.005627087295731219 0.0010 13800.0 228 90 251
 0.764880389296319 0.3769498610288579 -0.0033395524394563237 0.0030212869636577957 0.0010 13800.0 140 43 49
 0.3177596075852348 0.19393621163639238 -0.003534140166701623 -0.019821491608449465 0.0010 13800.0 148 23 19
 0.8534107313436059 0.40345772426622406 0.003006390039838427 -0.0021121817726971323 0.0010 13800.0 133 127 194
 0.04783666483861447 0.5105901728907664 -4.93396886432521E-4 0.0061329914405064846 0.0010 13800.0 21 127 38
 0.5503350255308413 0.8463618687767448 -0.003010493683834089 -0.0063451499531449775 0.0010 13800.0 179 35 203
 0.9155420525737904 0.5116175137767874 -9.925025494425125E-4 -0.0019234093467163007 0.0010 13800.0 184 254 249
 0.555003055901492 0.7731215415131696 -0.002481083680052022 0.016807067734059992 0.0010 13800.0 251 215 9
 0.3490823903538515 0.6287702339611513 -0.004482104926510947 5.853371812192375E-4 0.0010 13800.0 131 155 101
 0.14753464178497924 0.32763151304047805 0.0010489362980116226 0.010820551856644926 0.0010 13800.0 142 153 247
 0.3130375546580705 0.6030983778199601 -0.004444080913690356 -0.00329558451692695 0.0010 13800.0 5 142 70
 0.5607264316567452 0.05403974386460039 9.00970263184156E-4 -0.0070634751483882145 0.0010 13800.0 240 92 121
 0.07222567492112669 0.4275207312228555 -0.01355286527681043 -1.9180069848436995E-4 0.0010 13800.0 4 199 148
 0.2838212618665777 0.705937377653012 -0.011734717836742336 -0.011221839008615309 0.0010 13800.0 207 55 175
 0.7054270477090893 0.8063943324920099 -0.013706186495444847 -0.0037239657560055937 0.0010 13800.0 30 46 180
 0.08854398465102223 0.3529401796946428 -0.002014979292417108 0.0026939093507332475 0.0010 13800.0 81 79 13
 0.3543708668603621 0.04506385004752918 0.0049833084373214626 0.010556713491926682 0.0010 13800.0 239 153 245
 0.9220593080348832 0.22844058359401834 0.008267019458115551 0.0027020347745402937 0.0010 13800.0 232 234 57
 0.23233597251108132 0.7762998016443075 0.007333547838825788 -0.011125715687959075 0.0010 13800.0 157 85 20
 0.8256624628553981 0.13191010672867023 -0.011192632912909579 0.00873084668557715 0.0010 13800.0 4 233 128
 0.5460077529759028 0.2557241087563648 -0.011573092229899542 -0.006057608445072125 0.0010 13800.0 164 231 13
 0.017582092441295827 0.05152069145460687 0.004124519271090866 0.003280777500118841 0.0010 13800.0 5 51 146
 0.7423672528545812 0.5941058952359569 -0.0034374280619513644 -0.0031716108842547697 0.0010 13800.0 9 140 206
 0.47590255274962706 0.6581206426203504 0.0019700668977464236 -0.0040364115616283135 0.0010 13800.0 238 76 149
 0.8169892643712007 0.1947194052677987 -0.0053678940839715986 -8.732814035354213E-4 0.0010 13800.0 239 167 193
 0.6804115615657731 0.14637733221493213 -0.0031484788346107244 0.004071806741693018 0.0010 13800.0 247 104 108
 0.833600774736772 0.17503521186211307 -0.010991539947332223 0.0051101290626973965 0.0010 13800.0 106 21 108
 0.7445452983033474 0.27841756622375535 0.003246951669138895 -0.00485133250792275 0.0010 13800.0 73 83 129
 0.26281058799520546 0.6438733376293515 -0.005235239166241923 -0.010695975721264293 0.0010 13800.0 192 134 136
 0.8058190638226029 0.4137835041493988 0.00597875882610787 -0.009059306669456656 0.0010 13800.0 213 39 175
 0.10540245706854416 0.26970909763529644 0.0015794003145056619 0.004160420626714247 0.0010 13800.0 159 196 14
 0.9556724387523341 0.11969897675340882 -0.0010405641196203977 -0.00177173093365467 0.0010 13800.0 22 91 9
 0.46872784082933144 0.39950592590177647 -0.0012706523611775442 0.0062276929639954815 0.0010 13800.0 183 187 193
 0.11678014366642589 0.6092653034331279 0.006457686718674216 -7.032860539580785E-4 0.0010 13800.0 175 252 22
 0.6134811577791803 0.0830185269884802 0.005923901812332926 0.009012202065213448 0.0010 13800.0 30 96 29
 0.6503857181205335 0.06896407632650334 -0.008394001343943996 0.0029984176145490676 0.0010 13800.0 2 78 164
 0.6084419971618349 0.82150596578221 0.0025147164998350208 -1.1711734571566781E-4 0.0010 13800.0 252 128 209
 0.1343789591222737 0.5779111127873074 -0.009249518468262038 -4.0724224004462344E-4 0.0010 13800.0 1 150 58
 0.8772589440822335 0.7116099075943638 0.0037826675212423565 0.010315485327661807 0.0010 13800.0 36 147 106
 0.9635804033140676 0.5263547523923012 -0.004624966818744545 -3.090316591722441E-4 0.0010 13800.0 149 246 57
 0.3969408549949892 0.7081637103468948 -0.011125590858135161 0.007856011886825963 0.0010 13800.0 38 45 31
 0.8062589952383079 0.4870343341423597 -0.006491466249969853 -0.002636188828373785 0.0010 13800.0 205 207 197
 0.23421510521726113 0.14391788404441905 0.008360475284799515 0.0013705573942890878 0.0010 13800.0 18 225 66
 0.550221383370381 0.2270178151013953 0.011308665045038798 -7.459416129917112E-4 0.0010 13800.0 123 29 109
 0.38687378660511085 0.7095454271240236 0.012005804073512868 -0.005259301021257261 0.0010 13800.0 235 187 169
 0.48339271426049324 0.08998256897973991 0.008573969641180613 0.0016781909023799134 0.0010 13800.0 91 89 212
 0.9273023265886757 0.6844568640476877 -0.004711639047643984 -0.004493884621712465 0.0010 13800.0 42 126 52
 0.9943746646212921 0.9427973988267947 -0.0020937735188388037 0.02031341371848963 0.0010 13800.0 58 153 122
 0.46694020922785634 0.1830013504355581 0.002737493701560987 -0.007196645974318485 0.0010 13800.0 30 124 194
 0.022018077992705564 0.10852823289947863 5.828437265882258E-4 0.006128759401663046 0.0010 13800.0 82 242 199
 0.5954934411920906 0.0806686709649638 0.0016218284756841731 0.0070880434071709025 0.0010 13800.0 219 240 204
 0.8342552652990882 0.5800022280694603 0.0022412907280838865 -0.005466623507976949 0.0010 13800.0 46 122 170
 0.5574514411840347 0.6775622009689655 0.00294201340125198 -0.007940862241963461 0.0010 13800.0 83 102 40
 0.7668605493695948 0.27776258208770427 0.002610983194566546 0.006053738588928735 0.0010 13800.0 238 216 187
 0.6221428189643576 0.19079000408436692 -0.011841829035701171 -0.011799743590628204 0.0010 13800.0 127 153 221
 0.31076982854432067 0.3093776378233513 -0.00791912908140563 -6.600219082984263E-4 0.0010 13800.0 193 11 19
 0.11699023411152817 0.24381943321580365 0.0025989322193162682 0.009266005900150349 0.0010 13800.0 184 12 189
 0.5191866188714452 0.33264883790182365 -0.01023175172635419 -4.16173672205547E-4 0.0010 13800.0 78 72 167
 0.05906196010579336 0.8174279606313654 -0.002328750817627296 -0.013347586185922198 0.0010 13800.0 88 232 182
 0.9510493471874046 0.12345264818250494 -7.234501025026735E-4 -0.006217682909855251 0.0010 13800.0 57 167 46
 0.17160159248484175 0.7629116768656884 9.287316289873187E-4 -6.514574842090906E-4 0.0010 13800.0 158 163 28
 0.5670748666765937 0.6604582979297032 -0.010883809064968743 -0.002993966188427195 0.0010 13800.0 133 8 0
 0.9475800570678787 0.8040768609946207 0.007376297221555593 0.0020269898813009644 0.0010 13800.0 226 223 25
 0.7091945516693114 0.45316508817840606 0.007492403881912814 -0.001270090091382227 0.0010 13800.0 14 89 3
 0.04400591212332868 0.38466767698741666 -9.154857438551122E-4 0.0031766738594458375 0.0010 13800.0 131 206 77
 0.9474639947056221 0.35491710828565814 0.004273295250101163 -0.022153500168993687 0.0010 13800.0 65 46 253
 0.5115596930220982 0.4796973618570995 -4.557692459582728E-4 0.0018492685432050515 0.0010 13800.0 85 242 201
 0.7901685827066892 0.048639931300745405 -0.013493355957443002 -0.004888823762080145 0.0010 13800.0 8 57 94
 0.7813576652160652 0.1707091460566528 -0.013962373186058233 -0.005389451695051037 0.0010 13800.0 185 219 56
 0.3061062271274533 0.4490364844767217 -0.0043347178081765735 -0.0017319639688156679 0.0010 13800.0 248 171 92
 0.46422056650193266 0.3681428117546869 -0.011195574455152848 -0.0029596730378325968 0.0010 13800.0 193 220 63
 0.44177332023034843 0.46725906079434765 0.019318905586814247 -0.008007583408107092 0.0010 13800.0 131 40 47
 0.727414554443196 0.8564164730835299 -0.00822000955000691 0.001551203778451955 0.0010 13800.0 24 77 137
 0.22269849807150727 0.012678255742846874 -0.0062654445525882315 6.069039392791733E-4 0.0010 13800.0 136 158 66
 0.8716053307367195 0.5442860250019724 -0.008937919947091805 0.0030525127629695333 0.0010 13800.0 78 19 1
 0.47263236945986487 0.7333309352006785 0.0034584474769313337 -0.007781660620153301 0.0010 13800.0 56 97 217
 0.8138618740576545 0.41720364011617017 8.786265800931779E-4 0.006546356473775084 0.0010 13800.0 202 14 82
 0.7703882002691645 0.9966129974505306 0.012728500135365958 0.006977436114542315 0.0010 13800.0 246 216 119
 0.09001328454240999 0.9415877176949867 -0.003761311351616138 0.01023474898920427 0.0010 13800.0 155 178 81
 0.3000858089427181 0.8834968371431561 0.0065535174399187265 -0.0036417017915650616 0.0010 13800.0 203 61 93
 0.7602393284148182 0.8320009887338574 0.0041116258856514765 0.0026832289646831166 0.0010 13800.0 169 128 5
 0.5968137864062143 0.9281666380397912 0.003900414204409962 0.005311898724638436 0.0010 13800.0 174 206 138
 0.6687874471654334 0.717223332792003 -0.004518615641028829 -0.0015186980435751463 0.0010 13800.0 221 173 242
 0.7816659401930698 0.31623027198967074 0.0049456448889477755 1.118970855600674E-4 0.0010 13800.0 15 198 181
 0.6541495484656629 0.32283673740769614 -0.01951798232881979 0.0028467766776338003 0.0010 13800.0 141 243 12
 0.9531567726625665 0.42598096086546444 0.0022364092047742878 0.006955933944289701 0.0010 13800.0 21 180 179
 0.8366339110111836 0.4794996955563514 -0.007231055281718918 0.007860940539286338 0.0010 13800.0 189 174 238
 0.48930953395240656 0.4676544550088665 -0.003673879832098553 0.007173021084671196 0.0010 13800.0 101 120 162
 0.5033852014858142 0.5983861763891489 -0.008937612345224492 -0.0015497174308637205 0.0010 13800.0 105 111 239
 0.3899678993644839 0.7126582624302938 0.0018769532440946252 0.008522141330437528 0.0010 13800.0 141 110 117
 0.28647685860196614 0.8739301066046545 0.005549487654285014 0.001538550598453787 0.0010 13800.0 215 219 213
 0.4958376556706204 0.20801034560376908 -0.011382619176519696 0.004084743932686905 0.0010 13800.0 26 63 23
 0.3345826373211863 0.8622483501838855 -0.0010208677755937506 0.003424510314258046 0.0010 13800.0 72 213 160
 0.5374926957209072 0.5299836647101834 -0.013776985898459087 0.004527676576707686 0.0010 13800.0 87 221 203
 0.44621229358391423 0.5545946226694651 -0.0049452240099044364 0.0010064053470406203 0.0010 13800.0 127 9 28
 0.5595476236102029 0.33424850679517126 0.0077251806767341565 -0.00817808340049097 0.0010 13800.0 198 160 44
 0.963827797884147 0.580207817544477 0.0038772918047399263 0.00736421081363877 0.0010 13800.0 213 134 131
 0.17185611019345493 0.706705603923603 -0.001777509130924651 -0.005269672269301084 0.0010 13800.0 142 26 166
 0.3002238540761261 0.0976935866010458 0.005011915918857144 0.0026767351748864868 0.0010 13800.0 45 59 253
 0.3512722348032695 0.4624614381696272 -0.0014248088120793754 0.005957460028628002 0.0010 13800.0 198 216 42
 0.12378648532733177 0.26919410384937087 -0.011915753582410645 0.0034273896656194514 0.0010 13800.0 137 66 173
 0.7197414952151812 0.8092891508810953 -0.0057790195298998495 -0.005617335484330325 0.0010 13800.0 142 25 222
 0.6060439539640412 0.5417696133149014 0.002249879469816505 0.015016386266873197 0.0010 13800.0 48 124 186
 0.18548475271673218 0.6332408982843859 -5.485310941221043E-4 -3.6008904996292883E-4 0.0010 13800.0 236 180 119
 0.13762484248012316 0.39484848405387163 0.005890835644165822 -0.0018738329636080338 0.0010 13800.0 85 20 194
 0.9043888595532708 0.5916455031633663 -0.006500438755138413 0.006513854318455152 0.0010 13800.0 150 184 142
 0.9040467881019759 0.1223374705701528 0.004436229559394541 0.007150428511890159 0.0010 13800.0 11 13 227
 0.7840555719589206 0.12634931697736168 -1.6332599544571173E-4 -0.0017989163012019369 0.0010 13800.0 2 38 188
 0.33365908384405707 0.3495749670485351 0.004223069203290257 0.011318102013921501 0.0010 13800.0 71 47 62
 0.5808783811392695 0.2738444522528848 0.0013204281388512129 0.008802773152017676 0.0010 13800.0 53 17 179
 0.3630375535500065 0.006676372745628072 0.0027606144327699846 0.012041000590150341 0.0010 13800.0 80 187 3
 0.31854729399154763 0.4886678752517233 -2.6768166377219658E-5 0.002620092616919976 0.0010 13800.0 165 162 108
 0.9644088975939153 0.02379747949942328 -1.7132231687604863E-4 0.008191151461437073 0.0010 13800.0 178 112 218
 0.7309595584539346 0.9187712835853133 -0.0017641889979068603 0.004375128372527436 0.0010 13800.0 70 170 121
 0.3742041321644601 0.6031729108049476 4.492514872740834E-4 -0.007359347005053763 0.0010 13800.0 222 224 38
 0.860860833734026 0.740482722123426 -3.1651107366920204E-5 -0.001501539831631659 0.0010 13800.0 55 183 1
 0.7421559788883234 0.2045302865165151 0.005080611065706548 -0.004485475645867395 0.0010 13800.0 243 25 107
 0.11124157194314964 0.4042626318243371 0.01954816076097837 0.0014970647972199422 0.0010 13800.0 162 81 83
 0.4695810284804487 0.4729276910718311 -1.0489616929363309E-5 -0.01636100979277115 0.0010 13800.0 221 28 102
 0.061928403474691224 0.9668288872423707 0.002896065936944826 0.0013241346777966945 0.0010 13800.0 236 158 245
 0.6544396099252868 0.7952291190756943 -0.003570395477921798 0.0013030321369659397 0.0010 13800.0 93 158 174
 0.5592820488468376 0.5545975969610933 -8.592892643077242E-4 0.005624954602302251 0.0010 13800.0 171 36 2
 0.23925765118647396 0.116590389387112 0.003905814280082149 0.011636542737060667 0.0010 13800.0 46 15 8
 0.12523105598654374 0.045998834375627816 -0.0022327577354727063 0.005331199598921484 0.0010 13800.0 73 27 46
 0.17619668784717774 0.5651756879127879 0.0028090308570757044 -0.0018440513460922566 0.0010 13800.0 162 52 64
 0.6731729730226282 0.9888969389411654 0.004372482642093872 -1.1716134942488243E-4 0.0010 13800.0 196 211 64
 0.7778892149453146 0.7101362364365873 -0.008898866491327982 0.005188169354521927 0.0010 13800.0 184 215 164
 0.4787983072491247 0.8272383413162752 0.016384168313727937 0.0011940455534942994 0.0010 13800.0 38 110 245
 0.9048601452966395 0.3595395584962493 0.0029451145816681073 0.009222595486059065 0.0010 13800.0 122 140 92
 0.2956406959582634 0.914058181419299 0.00705782760334301 0.01851367178303922 0.0010 13800.0 155 17 112
 0.4514469821715627 0.479321798618401 0.004401527699505224 -0.0052977814903395985 0.0010 13800.0 97 191 87
 0.7527035973920755 0.46301435568536087 0.004525493865552807 -0.004125390130305955 0.0010 13800.0 67 236 25
 0.5161311521697123 0.9313669175472135 0.0154417782617114 0.002910156809000416 0.0010 13800.0 109 201 222
 0.9735414693666202 0.49755165331886847 0.010926879337803916 0.005894198013154005 0.0010 13800.0 184 179 227
 0.521387798879682 0.5655243279121194 0.003315639801851776 0.0073263735346577805 0.0010 13800.0 119 202 13
 0.8644974896756084 0.9642282984861744 -0.0014836964934551757 -0.009061918375890172 0.0010 13800.0 24 111 197
 0.04612027478142901 0.8300015896147239 0.015676993596282482 -0.010417943341128548 0.0010 13800.0 53 48 188
